0.471698  0.452830  0.433962  0.452830  0.471698  0.452830  
0.415094  0.452830  0.415094  0.490566  0.471698  0.509434  
0.603774  0.566038  0.509434  0.566038  0.622642  0.584906  
0.622642  0.566038  0.566038  0.490566  0.547170  0.528302  
0.622642  0.566038  0.547170  0.509434  0.528302  0.547170  
0.584906  0.566038  0.528302  0.528302  0.528302  0.509434  
0.622642  0.584906  0.471698  0.433962  0.490566  0.528302  
0.679245  0.622642  0.566038  0.471698  0.490566  0.471698  
0.528302  0.490566  0.471698  0.547170  0.490566  0.415094  
0.528302  0.584906  0.547170  0.603774  0.528302  0.471698  
0.528302  0.528302  0.490566  0.471698  0.528302  0.528302  
0.509434  0.452830  0.471698  0.490566  0.547170  0.490566  
0.584906  0.528302  0.622642  0.547170  0.641509  0.622642  
0.622642  0.603774  0.622642  0.547170  0.622642  0.603774  
0.641509  0.603774  0.641509  0.584906  0.566038  0.490566  
0.679245  0.641509  0.452830  0.509434  0.584906  0.622642  
0.528302  0.528302  0.566038  0.509434  0.547170  0.547170  
0.547170  0.509434  0.433962  0.452830  0.603774  0.528302  
0.584906  0.547170  0.547170  0.528302  0.490566  0.528302  
0.622642  0.584906  0.528302  0.452830  0.490566  0.452830  
